2,2569.9484181393,324.1766621836913,0
3,2680.007830698506,68.9335813223452,0
2,2287.4178079668864,166.8044860320143,0
3,2727.2592110557953,1160.6282014056005,0
4,2528.9428137811187,296.9073729307206,1
4,2583.3482433293393,2458.0362785042303,0
8,3175.657993842999,1542.4092838820764,0
4,2897.308211401849,1240.4762010243535,0
2,3505.275512871454,4065.121852200935,1
3,2812.2516184970236,709.0994229497055,0
3,3495.828365447554,2361.672087614215,0
3,2349.8237220454876,2575.709207093948,0
3,2689.4983049172542,596.1955836500446,0
3,2448.309550981525,237.489221848531,0
2,2434.4106945252324,553.3905159170346,0
4,3376.240350080133,1312.881605172786,0
3,2889.389585686594,1466.0300024491808,0
6,2725.7708041382425,1782.2289317333737,0
3,2922.4594941029795,236.39135498712866,0
2,2652.325688153554,1846.3716142119688,1
6,2819.3479676852703,1412.1256206925134,0
4,2642.8604267911246,1216.1442699674378,0
3,3141.6685289272227,2233.1040939526406,0
6,2769.0237171939216,1781.2796351297452,0
4,3330.733235979504,357.91744740479754,1
4,3509.243849553388,27.48906477022023,0
4,3670.8865183593566,2596.0376604645835,0
3,3403.9355556676073,582.236781618028,0
3,2492.092113190493,394.4888755231046,0
6,4125.391903662653,1007.7625682550971,0
2,2347.2476862490366,1720.0628991956555,0
5,2554.3319756839073,1028.2368113437103,0
4,2764.8654381451947,3223.08982752865,0
3,3658.0165035178156,462.0641174172416,1
3,2805.0713666439046,1789.8331821549427,0
4,2557.8473029080783,2890.762050623431,0
4,3107.1602569809484,682.8531643409068,0
3,2656.6215412919682,1155.8142729492204,0
4,2955.9834186342764,1259.0051933436646,1
4,3630.7365377867163,527.7820171414173,0
4,2727.839903672817,1252.0931221734397,0
3,3286.4381232913884,1426.2378221018994,0
4,2740.082966971858,721.8388945218061,0
2,2335.946579163792,2332.170687312621,0
2,2668.8208299648277,493.8030249912837,0
3,2830.683701423286,76.02675410373597,0
5,2497.398755789433,581.1783748811857,0
5,2635.8461506549097,232.55524714030778,0
7,3422.196006837467,224.1939897623344,0
4,2814.420504260563,1057.7013360380895,0
2,3521.9475843916925,830.5005923935196,0
4,2925.2537931512275,676.8569722872329,0
4,3143.3960617741345,683.4648243311323,0
6,3480.6318060929134,773.6143907488273,0
4,2897.7283014371683,344.5077843696731,0
4,2970.2283047719257,1049.8803124110764,0
4,2683.9502899354457,1178.8074189823608,0
3,2442.4975770666842,2134.9638028618156,0
2,2837.921140775997,3410.221595055634,0
3,2359.5224586545214,1309.8773363981122,0
3,2595.673729865583,3078.436053227715,0
3,2467.2839950446833,1355.1068426929191,0
3,3432.485165252959,370.2340184671971,0
4,2630.577594681733,296.55324338012196,0
3,3066.6371545388574,1136.0202407488362,0
3,2936.850090874086,1644.65041587971,0
2,4127.567467034436,1162.7476005889782,0
2,2405.13853666742,202.7391437790238,0
2,2403.6005882977825,876.5846505236818,1
2,2942.3663559189827,2077.2862528341248,0
3,2579.9787401719095,1343.6342829137768,0
4,2917.6473050304744,3155.6491779482344,1
4,2975.0811747478187,2301.5432038151644,0
2,2941.295596010581,2506.0654176329067,0
4,3183.177942084752,795.8328512262713,1
3,2416.9181406576545,2248.8588172389696,0
3,3447.2682144050714,1109.6794304514244,0
2,3054.409836551128,586.2619153814472,0
4,2512.4955754883013,2362.760617031803,0
4,3039.5179004377414,123.80684760860304,0
3,2856.7407202836876,885.176136435777,0
3,2638.42611788697,2034.8416776003105,0
4,3192.833194188378,423.59821891726676,0
3,2651.1028563748555,661.8434887657733,0
2,2568.038412488841,138.9165756184986,0
4,2809.2478583235143,2082.6512894752145,0
6,3201.454325094843,1160.655655860243,0
6,3048.2379583923853,363.5950999305193,0
3,2704.229713810325,2019.2856659216134,0
4,3612.672791630767,998.5508897154259,0
3,3103.89034564194,437.8769652172445,0
3,2942.2114768189876,140.62816752059032,0
3,2422.9632609299288,183.80113016644316,0
5,2714.491068813189,759.2222231798102,0
3,2430.948415438668,272.04315122378114,0
5,3418.7090848249745,84.56819745006038,0
4,2697.818541719499,345.9954495715126,0
5,3558.092337845302,1531.8665744684527,0
5,2397.221969136993,131.3326021587511,0
4,2534.791066672104,506.5522292137665,0
4,3333.8023594091296,973.299756606475,0
4,2682.7634754013084,802.3308489745567,0
3,3449.003306062504,698.7473024608591,0
3,2387.8434388395763,1337.631460358315,0
4,2848.0342410873864,983.9701290270805,0
2,2419.0902797997305,3590.893101558117,0
3,2714.7462344476035,99.45219561515857,0
4,3293.138187749827,1146.684547523576,0
4,3281.5905999001347,2155.1989208061327,0
3,2979.8873001346683,1357.160197854643,0
3,3306.8113340964455,1607.921677897989,0
2,2682.1390569655873,829.9949459431375,0
4,2816.4623105255023,4502.964687003809,0
3,2410.182302942596,989.3325664874858,0
2,2524.2892735688074,1323.5445457529777,0
4,2858.3760012847974,2827.2260561336057,0
3,2455.9596020079653,262.06430809904197,0
3,2495.0079456587164,1235.1182077571982,0
3,2882.4517301414066,1004.16848998877,0
2,2318.8745324464317,1002.5052665647196,0
3,2378.276174603605,2754.2069863895067,0
3,3738.12857351659,668.2282024065453,0
4,2584.060582130254,1451.8753997358233,0
4,3525.025289649654,1770.3762725785614,1
4,4386.028613263926,3688.3454341974166,0
2,2447.4934722342173,667.181998302286,0
6,3037.6786057926947,1162.3168016704853,0
3,2550.280790761562,564.7535189753912,0
6,3412.0615768698185,3037.2130121882774,0
7,3371.780219952276,2007.8502538281175,0
5,2703.112444457797,1898.998247229908,0
4,2433.8997149633915,1168.9194674947698,0
4,2572.3166310804518,245.8221122214386,0
3,2500.166330340099,741.8363006735676,0
5,2874.9697750523287,622.4778080085122,0
4,2771.660184663085,2898.2754917576594,0
3,2356.087014140828,1056.024798456068,0
6,2486.6821632421324,134.11123646875936,0
3,2252.0434691768737,387.9193105868342,0
2,2405.597232289966,1672.4501450038395,0
3,2993.9094134649004,635.1587896308938,0
3,2624.6730107706053,1956.642696463532,0
2,3215.266431304536,421.47828370630293,1
6,3585.9019625495635,1713.9421843952498,0
4,2445.4183957012697,1837.2333283869764,0
3,2403.852212586874,2298.89730196566,0
4,2799.7388002523808,1670.016971398153,0
3,3053.358503985891,1024.8393668663077,0
2,2609.6640531955786,2179.1581652165496,0
2,2605.642360281645,69.1567231233754,0
3,3657.8940715965628,1276.6418348520474,0
4,2572.9077830242895,1129.3986677954965,0
7,2464.5334423452673,2478.473875094225,0
4,2637.9457104929074,1976.9820994377747,0
4,2960.6389637307407,1239.8288368026056,0
4,2880.1369542186662,3634.854370846887,0
5,2863.5036184048754,128.77962595689837,0
3,2524.3280524335833,37.075122691157944,0
4,3116.0270726045605,1681.8498708060224,1
3,2671.8315188573883,629.2941458296325,0
3,2368.28962043253,48.727868202128725,0
3,2416.449720279075,2695.4067478237625,0
5,2554.963511827867,964.4421300213138,0
4,2738.2743577178007,1475.4766662659006,0
4,3280.682289256415,1628.8686979403267,0
4,2622.1048427539245,359.11993647654185,0
2,2514.261484443001,1289.8692296642057,0
3,2985.39866989588,336.2924033967952,0
3,2584.0462340017802,1033.6551561910853,0
3,2284.081664927124,2952.728931558014,0
3,2556.6694864823944,2291.7278041316454,0
5,4406.924343910084,1798.1114852517853,0
5,2895.0164522332166,83.40253077547331,0
4,2874.8055201812454,603.9175591440719,0
4,2549.453092450655,1136.8063570025959,0
3,2285.3851814310187,1316.6765575432912,0
3,2460.9778457605285,293.04271536940166,0
3,2954.4254767764173,177.93909550199055,0
3,2690.0415937370053,1744.983083209445,0
4,2292.348359057344,554.0804074389874,0
3,3246.614307987858,686.3897578668308,1
2,2528.676397218704,2076.0803015085394,0
2,3434.6847522777744,1666.609136193236,0
6,2934.466208790034,2819.0815616432947,0
3,2566.609238789203,4253.5614982004045,0
3,3761.002993255137,913.1014108879656,0
2,3047.022801995764,3532.023375736119,1
5,2765.144372299419,1870.500893834186,0
4,2557.236586110661,636.8800026167294,0
6,2931.3109671610205,1640.5575444445294,0
5,2355.3308432087374,305.8419155207394,0
4,2563.3598173461505,170.43361536927952,0
3,3102.594394360029,1921.0206496321814,0
3,2749.0084116886346,245.14875710289033,0
4,5081.899334059939,1276.3270188705362,0
6,2617.621227055099,92.59059035435828,0
4,3157.7842379179597,1669.4393115448102,0
3,2337.98321266278,2428.9728320377753,0
3,2947.6093489555187,1211.4985907508053,0
2,2510.790305582639,3557.3972087544357,0
3,2715.873411834062,1259.652786768247,0
2,2641.5205145772766,2060.739397052028,0
4,2584.086262513886,334.18563958625134,0
4,2590.1446513091532,604.5646517139262,0
2,2644.8322043133267,1086.4493592871218,0
2,2558.1672634262927,439.47072852797936,1
3,3225.623123004687,445.6728881495158,1
4,3172.9917971044015,279.0833819537848,0
3,2474.3075008560963,376.4038974073715,0
5,2443.4887062564826,1083.565032900881,0
4,2752.696754223203,3683.4355021769734,0
2,3362.786530686676,1059.0550780623637,1
3,3070.4540593965266,720.4448839094778,0
3,2728.723649822703,354.3061285881153,0
6,2740.186668879159,314.1293370042731,0
6,2864.354948617625,391.64038889083827,0
4,2956.1861822571805,54.88389245510154,0
2,3106.0675627187875,4144.633591277065,1
3,2481.022905072082,382.13183180693306,0
3,3300.2489427061228,443.26071272931966,0
6,2445.7333741649277,1784.2332901131779,0
2,3285.2494621699934,969.1604434595713,1
3,2553.9733330075956,1729.3791175971796,0
2,2351.9266044990673,83.0432685386173,0
4,2711.9040421299123,96.02061743365459,0
3,3554.5980220298006,1786.1134456361704,0
2,2400.1115975602843,3726.28492855471,0
2,3838.901105432379,95.59491340431414,0
3,2915.9378645764587,1766.31052221809,0
4,2328.8774178001604,2045.87119324677,0
5,3417.904027752754,359.11593940504076,0
2,2406.381329463963,1310.347505576117,0
3,3838.211806230791,455.35526015110094,0
2,2934.679683888229,821.822857531295,0
2,2793.272704521294,888.244957113653,0
2,2938.5029099336534,1682.1798236705783,0
4,2905.9809429823454,1031.9155131576206,0
4,2433.364865937847,1419.4030872639526,0
2,3334.8031325944576,715.2891681270256,1
4,2576.3740120012917,974.8729957198533,0
5,3612.24778336965,448.2266002929708,0
5,2465.7700416105827,2647.624955537128,0
2,2461.9866064671796,1756.9124924328423,0
5,2763.4540432545855,894.3574095450886,0
5,3071.561842023517,813.6773686724962,0
3,2483.480611363306,1689.7544214480652,0
3,3438.0364461454956,2634.152739819036,1
3,3222.0595075571623,237.5353055716875,1
3,4054.458147887301,685.76060701938,1
6,2690.674765163082,332.0732586331008,0
5,3523.0311317047644,1045.3279121162502,0
3,2958.5748885088415,2734.8489859588503,0
3,3321.432794583438,247.1900250520222,0
4,3360.6706438616625,1338.7001346950572,0
2,3063.0028700765297,635.7340827664708,0
3,2783.260583318715,646.143320530167,0
5,2698.38148125129,3286.304579230828,0
5,3557.7475173005787,316.33272681178977,0
5,3129.2963087268076,510.32354136514925,0
6,2447.7420125443746,784.8566056991418,0
4,2438.1776954578986,203.2771808586261,0
4,2462.286009391177,1525.924359587541,0
3,2966.5905421644275,3543.340687257516,0
5,2691.1904516936506,876.1961098884511,0
2,2778.0872002268634,2575.477726467274,0
6,3254.5651413944743,87.30411309987677,0
3,2356.7752685231326,1558.8536806311997,0
5,2691.373263418819,2099.73574214014,0
3,2789.781615263286,1089.3767412750583,0
5,3217.485255482822,781.5744219465349,0
4,2999.929718906976,2076.6951809668253,0
3,2340.358136781836,1063.3529751160638,0
4,3267.7179211391117,853.3687973944731,0
5,2738.8672967296875,2086.0565112253958,0
4,2622.8096277183317,1821.268972531709,0
5,2768.3300824209678,1204.2247073017052,0
3,2476.482647419691,2408.203071506054,0
4,2594.5284978323834,643.1098813969063,0
5,2407.8309460701157,230.26933520559723,0
3,2295.45322434098,1093.8130552811208,0
4,2503.3941615273893,911.1168356635781,0
2,2662.8392613508277,1122.571642843437,0
3,2455.126192332348,888.529997203895,0
2,2818.2243989024882,2723.217929235524,0
5,2655.4828999392366,1197.4970141695856,0
5,2903.5540310884367,680.8192296521764,0
3,2438.0652190305314,1297.1196942333188,0
5,3512.7529729621806,863.3466383330286,0
2,2804.0800294143796,351.24493036203603,0
5,2443.7816607924833,659.8454093329483,0
3,2770.9515380637486,1306.5561607393258,0
3,2729.3759173823782,486.61339249232935,0
3,2321.7288270396816,1440.6094718942604,0
2,2411.433440869221,3459.7120481777497,0
7,4919.506068451155,815.920511873466,0
6,3019.263334553043,648.3150061254879,0
2,3895.157974631969,1087.2107544431583,0
5,2429.3981284233987,1286.2792443535157,0
7,2813.3960077235,1325.396682377281,0
4,2955.699155177555,2213.8438982447337,1
3,3202.196556622071,66.06969241356293,0
4,2452.3035040959176,2703.3445098549487,0
2,2256.9993527874403,1496.2048657794046,0
2,2424.5723422663923,695.7121492932132,0
6,3359.3498443672665,967.7768548268937,0
3,2649.8193380995417,592.1316699471605,0
2,2605.845982685979,3073.302093991808,0
4,2681.06660225653,311.5627704874682,0
4,2394.197960282223,231.17032130562578,0
2,2616.999510651872,1914.1640838564351,0
3,3006.733517924498,2975.261442012645,0
5,3396.0672010586027,300.9186419832666,0
3,2616.9310626439815,982.9132779708742,0
2,2511.148778961042,435.5064222832141,0
3,3686.861481420502,224.20197946993284,0
4,2252.658394748345,3201.3217324818215,0
4,2784.36559483395,1146.477161083942,0
3,2360.1471608220313,1062.2193445149755,0
7,2645.5394392330277,795.4056540779495,0
5,3930.6078968634397,927.7447623025845,0
5,2988.1420573315845,75.24586731593648,0
2,3041.5643600514777,1058.1085185530605,0
3,3140.144413325046,1346.1841747662706,0
2,2555.856791143613,2148.828968654668,0
3,2538.5846577771463,2515.688594589777,0
6,3657.464326263364,1614.6656854953035,0
4,3735.101800629477,881.2310717149053,0
4,3605.3258398443722,119.80990499832575,0
4,3173.5538203277833,383.6400978509279,0
4,3563.1784673351704,2737.659914568113,1
4,2343.770934216648,2214.383255940824,0
5,3352.34568173805,287.3436118156018,0
2,2571.358349606182,666.9286080887601,0
2,2625.836720018523,1532.4943940392207,0
4,3370.4842648407857,1116.9522694980546,1
5,3537.8304927645577,2323.866350889737,1
4,2486.1788832290154,597.122838241388,0
6,2540.753239986319,974.8244318021509,0
6,3889.8026740824903,3512.8823453442405,0
4,2889.093801045259,1463.1224445789728,1
7,2665.730748711976,1599.3197287198266,0
6,2913.452775573546,1435.685684110094,0
6,2732.7774695566895,2393.8079812834208,0
5,2559.4394457910553,235.0148070673155,0
2,3355.146127598134,2843.750140854026,1
3,3546.9327893570517,1701.5377085353982,1
5,3509.353273416702,467.8743416343979,0
6,2803.4533682124247,2564.853576820234,0
4,2613.91563503257,2330.338500443705,0
3,2559.158324613404,567.487304272769,0
3,2828.286286508045,1693.4161017934193,0
4,2985.2492649020983,311.8593913292312,0
3,3271.4842878988,1279.193247180737,1
5,3076.2516914459115,4064.3922473183666,0
2,2697.714394297729,791.0758799505982,0
3,4276.149596593432,895.097139599014,0
4,3760.2173824279344,1033.4500539309981,0
4,2497.7962254634404,1717.0770314505955,0
2,2433.625192192948,123.41107434470054,0
3,2501.204229206317,833.8702639401888,0
4,2934.5084422339223,730.2836618460653,0
2,2495.027324044094,1670.0056908974875,0
4,3010.1107333811906,913.4521172783456,0
2,2727.1596744285152,514.5525906196378,0
3,3918.7402110325834,289.28901686353487,0
2,3050.9324891826973,1603.5788043440616,1
2,3090.792587642869,1594.0289692244885,0
5,2922.0607594408525,87.70132557502495,0
5,2596.336653059614,2639.1518611162282,0
3,2814.5325782642194,1190.8870193432822,0
3,2527.2568968050896,802.3145886749953,0
4,2496.988041373179,1135.27471291033,1
5,2594.4407418517217,3088.056837301229,0
5,3543.0304726728327,349.90768694882354,0
4,2776.0036685012715,593.9741017199169,0
4,2625.189264699442,3412.9203356548187,0
3,3818.92891837268,1290.9212926975358,0
2,2553.434836306971,460.5867980452806,0
2,3365.365971460138,1261.2302844818926,1
2,2391.2981741562116,1018.7628957794863,0
3,2749.2464664121585,1548.0626221047626,0
8,2899.1096782519294,914.1389522232355,0
2,2574.5906453171556,377.3422986742386,0
6,3657.912059777851,1844.4344276384033,0
4,2489.411095496399,1181.4584083748066,0
3,2778.2191733960017,280.06044215840166,0
4,3612.9155201043986,2744.933916218392,0
2,3534.662426464205,676.473580016451,1
2,2401.3637493165975,566.0287076742654,0
6,2461.3690162534535,1275.2866157849694,0
4,3477.697164452876,2290.0415035584856,0
6,2981.1060780613507,680.0950155263901,0
3,3022.4941766202455,953.0611643557512,0
5,2526.17113778941,182.24803496620638,0
2,2516.4493872891408,1105.963079496956,0
4,3475.071507036541,958.8879955583069,0
6,3170.3779444815077,1579.2002520413869,0
5,3811.1932344558263,708.8023403286753,0
2,2632.37147426005,2939.7631229606054,0
4,2902.3503753681284,660.2111486960854,0
3,3446.511566826674,1687.7655056657115,0
3,2517.453865602734,856.7586791273577,0
3,2505.549300998937,173.99340092184966,0
5,2576.800777629053,1117.5531851471653,0
3,2747.873848836355,2946.2565277132935,0
3,2330.018183770395,566.2636783290367,0
3,2560.8721635390834,2633.440213003962,0
3,2583.90337942959,2783.7255100371844,0
5,2878.2981249448676,1595.5046006632158,0
3,3287.688384477597,1972.249850382543,0
2,2452.2522679652566,1816.274165528476,0
3,3441.76088802196,2598.8407289806587,1
4,2524.893732394286,1759.630786884518,0
4,2886.2658697392485,1961.4673611523413,0
3,3191.882778433146,1575.0130239296113,1
2,2516.4610535549637,262.94103554528203,0
5,3726.1105432790537,3302.5413955205704,0
5,2554.566621864079,3721.5657828381554,0
3,2440.7801746655214,260.0092303598711,0
3,3011.1616770354804,374.483626112919,0
6,3061.3107230225273,186.6932295887702,0
5,2508.7858481080243,346.71263460504156,0
5,2450.4997218929175,1621.2445350282082,0
2,3338.3268268516686,95.52880476786484,0
3,2776.5941644161844,1527.4502015893008,0
4,3744.0390942399504,207.0690303166735,1
2,2886.6554584009,1110.592700636422,0
3,3541.525111423675,2666.9694320415306,1
2,3548.432288276392,147.48020988403937,1
4,3022.0157536989664,844.3605262762175,1
5,2754.971758093196,805.9576175745481,0
4,3242.152011976923,2281.55442104263,0
4,2438.2392636911727,2979.3464867294015,0
6,3045.7716317201152,331.8105221015526,0
4,3352.9179033141145,700.774498677427,0
3,3238.1187204355992,699.2126330483256,0
3,2678.7115630555695,1362.4556555015563,0
2,3218.879878073417,2953.8122877441833,0
3,2343.9601416535115,269.73905614667115,0
2,2569.051308905909,1165.0940529704349,0
2,3077.617858157148,446.1716644287067,0
2,3609.4870532437253,2866.4371447690946,0
4,2517.3113991189043,569.8829470613107,0
3,2596.8987457124654,847.5494793162964,0
4,2679.356621498746,492.7591021564981,0
2,2524.953945252092,1448.4216296759207,0
2,2523.0651227832527,1529.5774722897715,0
4,2939.8287105772897,230.4742173403027,0
5,2590.2232085370374,457.57729266110607,0
4,3116.343290754578,320.0528371250802,0
3,2757.0734395706045,1147.9130732233994,0
2,3585.9632889354402,1810.420823136694,1
3,2560.274953519194,2059.759451545859,1
3,2389.4217432316673,3027.1265860112717,0
3,2664.5082817915,351.8394430876245,0
3,2283.109774638883,1797.0596281359974,0
4,2852.435001297201,229.46762213472334,0
2,2565.3327686946923,780.5958274685961,0
3,2415.321230468034,845.1571335840864,0
4,3095.0912845896673,1024.5932818717256,0
3,2279.05174900153,1201.593353394296,0
5,2991.6226439982574,141.86875691280926,0
4,2580.1246952672846,640.4777264232205,0
5,2490.6734069047857,3997.766117697246,0
4,2478.7368661311675,1087.590341107976,0
4,2472.456258073451,367.85381757033906,0
4,2564.7815738069335,1330.9525138128713,0
5,2528.034462993968,1158.5316502513658,0
4,2981.9217818917523,1724.4900675794127,0
3,3676.638842989839,1253.4743637473478,0
4,2553.938641570074,577.0081871805586,0
2,2803.1928988541404,1416.6864224528772,0
6,2805.3923130043045,929.3318866969865,0
4,2731.6270722371764,1115.787481357689,0
4,3092.0253873840907,3111.7858410690874,0
2,2500.9853204337714,2120.9600414671313,0
4,2608.0205430439764,2003.7165574269889,0
5,2847.19439033874,2567.0924415062873,0
5,2903.8363606900025,744.0673607696428,0
2,2870.939608773505,2151.5746441403444,0
4,2587.6732343696203,1682.5940804293882,0
4,4399.461341200584,3013.374434134418,0
2,3104.0728286597605,1626.2345942861032,1
4,3392.7366790852184,3087.291476612525,0
3,4375.167650793103,575.1419797354702,0
2,2424.7484452975177,1325.814812652202,0
5,2794.3166449118967,575.0938100564005,0
4,2429.3022576370236,200.32601672256726,0
2,3005.813705684465,1543.7169963923452,0
4,2648.1510766207703,854.1341792464806,0
4,3040.003611127696,1519.8000629207759,0
3,2872.3231441734783,1427.3424535013626,0
4,2820.308169619237,3902.3298474575145,0
5,3593.3518043762865,2555.9758915381058,0
5,2884.1831671065693,766.8138121756364,0
5,2826.6278598426757,727.7946893912115,0
4,2944.9503524733045,1846.382281533664,0
2,2337.1695924694977,2037.0304333755994,0
2,2505.626228588544,1229.4522083458696,0
5,4057.7082358703924,519.9226091804184,0
4,2522.716824061959,224.66945758663942,0
6,3131.15509906041,2147.848286066852,0
3,3274.3437502852425,3958.403082636293,0
4,2676.3429640074096,235.97511179896313,0
3,2395.946661989469,2059.5313561560097,0
4,3029.3540075020132,4329.486387720666,0
5,2661.0112210534485,952.1735309824957,0
3,3517.818077053692,2208.965232763992,1
6,2854.939116410457,216.92074721106482,0
4,3406.865074990404,1187.506367095357,0
6,3353.0522979627654,1736.4726889172168,0
2,2255.353071035895,164.2578635957182,0
3,2399.494266197851,1077.9615458678566,0
4,2454.0372495067795,1595.0992584780574,0
5,2464.285445012523,1912.5410610154677,0
5,2931.8829006201336,1932.8222176598763,0
4,5420.389377267229,192.03988133143298,0
6,3315.3417195821503,323.60475863031564,0
3,3411.9082564965793,1013.6360275875588,0
4,2508.217032488689,466.24808476988125,0
4,3596.602313560322,2141.075098060709,0
2,3047.178332793803,1794.8895771128512,0
4,2736.4036236165293,265.01840644913415,0
3,2475.621126319903,58.100651856535585,0
3,2717.9117619266503,1209.653478162638,0
4,2944.290728304006,2054.384318791736,0
3,2918.399264204109,2554.343854867582,0
3,2833.2660741189343,195.55164250638418,0
5,3114.703070317235,359.60246179024693,0
2,2391.567240156496,625.8357248926312,0
6,3408.5798607491006,1126.8289433225234,1
4,3909.806627167755,944.3255177323288,0
3,3076.5559391004,449.30926874952416,0
6,2944.0667707990383,249.91749442363732,0
2,3024.0153687444636,274.80955812286305,0
3,2594.636891011414,2109.8741977802847,0
4,3139.1983431177428,1314.0232787938144,0
4,2374.769066474172,1505.1426041010327,0
6,2836.429196932479,2795.6009322938176,0
5,2921.2047937568314,538.7795731913718,0
3,2962.440878296719,546.0014874479549,0
5,2844.2501101444905,130.05510037662884,0
3,3319.2987956350617,507.19182396147306,0
3,2694.5651114816274,3331.633345442933,1
5,3408.6241888679697,2683.455429770367,0
4,2840.968951310362,1798.8182203872889,0
2,4639.407890892188,714.0654524668914,0
5,3193.435160396323,476.40406521368055,0
3,3072.4716299392057,1504.103951783916,0
3,3528.889086706276,98.37787669041835,0
2,2330.528177806542,450.67119303188446,0
3,2592.821748288509,81.35385458434399,0
6,4222.935772497555,919.1907499101645,0
8,2926.0085444372207,1852.4758252345202,0
4,2883.8423224179505,120.54364002754313,0
4,2703.3745484154742,1932.7212816484662,0
2,3646.450037980832,926.4109836023459,0
5,3604.6869269623676,300.42341460288776,0
4,3679.147518530043,1797.79551689291,1
5,2562.0853021660996,382.676968260138,0
2,2486.5576292764936,2100.591105169284,0
4,3114.356635185735,275.9483977114732,0
3,2567.7097452258786,1267.505912553641,0
3,2651.6941446323667,1162.9015824572582,0
3,3331.311060529629,1181.8131909665833,1
5,3265.988114007072,402.1423531096265,0
3,3403.8962718882476,1700.666308142163,1
3,2925.975339189389,533.6792451176096,0
3,2410.675543786997,791.0194692813915,0
2,2574.6863537177146,1631.266089418049,1
4,2478.809847277592,1382.609561277073,0
2,3175.6038609411917,1367.2088716757794,0
2,2456.2123074582096,1019.1802264982321,0
3,2908.4449105770377,1405.520994656861,1
5,2927.137897869828,289.3758702884952,0
3,2489.0273298327547,404.85125965028305,0
4,2655.032380717741,1819.5783398054396,0
6,2382.375371931405,873.4670652086877,0
3,3486.2587337003056,557.1733185419872,0
2,2896.5162296583558,1624.9293848131967,0
2,2376.6202052208982,599.7096622565094,0
4,3541.1921663332387,434.3709477666323,0
2,2597.0857295378055,3639.477359392271,0
2,2571.611385802321,1353.1097387232753,0
3,2951.451587660172,2207.7239402656423,0
2,3241.2942968494235,1642.8791765514952,0
2,2431.8869290015095,364.947653547936,0
5,2674.1826333276094,1533.2393243844347,0
3,3287.6392184583174,141.20059188618313,1
6,2898.3056579538465,942.5226577474434,0
3,2732.9476872613723,1564.49428259401,0
5,2526.687852026633,967.6005668861321,0
3,3007.4311678481868,433.8007909523588,1
2,3083.2668679562375,328.02550778239396,1
4,2440.375458560485,131.77181429648968,0
4,2681.6573028677694,3101.2428920068096,0
4,3405.347383745924,1899.1215119227847,0
5,2789.3436794429886,461.7098857736064,0
3,3357.7833006298843,309.2746221858404,0
4,3234.150469126588,408.70586813994095,0
4,3408.3290464872366,820.7229935201385,0
3,2820.8984478782945,1503.5263431004737,0
2,2410.9056175657847,600.3984645092505,0
3,2972.5354159244425,1538.2947631180393,0
4,2551.6602372769407,3500.090599625399,0
3,2783.0806894990133,2405.4725399342447,0
4,2434.879861301048,3199.054019095496,0
5,2472.4938163414495,729.9778027046135,0
4,3038.0564321369056,1878.5812600173158,0
2,2392.034114930553,1461.3297399777255,0
3,3131.0879854550676,1754.5590394096994,0
2,3328.7228156169567,2163.8389945621257,0
5,2611.3861160474266,1342.5459818246495,0
4,4249.2737907950095,761.7342983652588,0
3,2425.5645527190486,806.0342054335907,0
3,3207.6068794142716,1518.492131582297,0
4,2416.822429545954,74.89668730627558,0
4,5366.959147382356,2058.913240634558,0
6,3151.293729308661,537.9069739280002,0
4,3056.90150464631,1089.2781999215888,1
2,3362.9649283363133,865.5306775284625,0
7,3820.901398332032,482.5828946135977,0
3,2358.8680398470824,760.9376453656804,0
4,2400.376814314255,202.24843997409275,0
4,2812.348143592567,3298.043006845393,0
3,2269.4823302035898,226.65055922777302,0
4,3071.5606203820034,1341.5502148884987,1
3,2671.6394828318853,993.7474335517484,0
4,3421.2727206022705,551.9389189478131,0
3,2637.9398321604076,3514.8760866276925,0
2,3568.952420481454,532.1023108732383,0
3,2512.9144969222707,1450.4957907884925,0
3,3520.174155060972,124.8695044547657,0
4,2920.888292032025,2725.561047450079,0
2,3710.9132665920943,1379.459832870424,0
4,2495.393481276755,320.1715913879356,0
4,2299.3766669085758,968.0918266143034,0
5,2723.4608034264156,2382.815104824387,0
2,3113.558175045609,1128.0513779055184,1
3,2526.8768387785485,1223.1591445055867,0
2,3592.9871565443864,851.4036947618426,0
2,3533.66064360337,960.5053163023986,0
7,3190.8665478233384,807.6255733284016,0
5,2679.2277807935907,121.15432517726367,0
5,2602.044829274399,1518.4354674462154,0
3,2746.0711722142,79.11921443908874,0
4,2994.861306154348,393.80151321858426,0
3,2615.576480089564,1445.1202354864315,0
2,3285.5212916074634,2784.0430624900255,1
4,3822.53947658241,375.5607150200858,0
6,2801.7932988370962,599.4134111223756,0
2,2628.7628457068304,1058.4696459939125,0
4,3139.3182438582126,794.876124216921,1
4,4026.0058738996167,824.1505167770658,0
3,2487.014537323345,2589.8592499701963,0
4,2969.0318333047085,555.3226345967844,0
4,2711.394310373914,2238.709585911663,0
2,2567.9940698110095,3548.4629748829407,0
3,3179.8724054753166,468.5674087960931,0
2,3344.708463300254,1621.9349636413974,0
6,3472.0817694329185,804.9314265221564,0
5,2616.28196687582,92.27488389631974,0
3,2547.172068069335,1924.793045744175,0
2,2409.453667654533,1975.020252461039,0
5,2908.427099640269,855.1210273065536,0
2,2420.4643153032866,73.41031274179576,0
3,2646.233829137127,3138.562181363194,0
4,2460.0642103965024,1205.7116440692614,0
4,2290.707056957207,2437.5017706207586,0
3,2363.6376221974374,717.9819051904495,0
4,2605.4130938839485,2318.289099091844,0
2,3078.826000155681,1666.0889249960082,0
3,2484.101088488517,998.920129420725,0
8,3913.1402892285428,754.5322270538718,0
3,2598.7480800413905,236.41336544124852,0
4,2759.761701990021,742.7329705852112,0
3,2987.8998244054237,1340.569800451545,1
3,2736.2979933997917,493.35633651558726,0
5,2538.758362809283,940.5708234775846,0
6,2660.7377761464154,1048.2066213490536,0
3,3085.445841382016,462.53510648782634,0
3,2829.4065390766373,547.5106992952828,0
3,3382.417702482248,2321.7499055473572,1
4,2824.310997469891,1884.6281786334869,0
7,5305.622177461159,128.89714990113765,0
3,2545.5060963196997,507.14109473462804,0
3,3602.4226270215568,2168.1033332356305,1
5,2599.3595703542246,1446.0721530538403,0
5,2615.6148957153737,482.14720737719716,0
2,2962.774234497935,761.0977740004864,1
4,2755.977173713664,578.4096079116397,0
2,2241.901543938398,524.4632143792317,0
2,2451.4403381310576,2330.2568741213927,0
3,3996.1966697339176,2206.4981073776994,0
5,3932.0701492229423,3344.617937514546,1
3,2504.8970308457847,1511.735900104396,0
4,3224.886480383802,1385.2910379789414,0
3,2759.9423638603457,372.1197783303894,0
4,2508.3650560144215,1981.0929911988915,0
4,2806.156945029448,524.9527425508662,0
2,2825.173257104816,1292.2303823973,0
4,2496.567243454429,2826.506555454016,0
3,2639.240071214402,2100.5496710828947,0
3,2609.6282454663556,1075.2489058323376,0
4,2488.3509847298064,582.9648604587812,0
4,3234.1086408693486,2047.2538676633037,1
2,2575.8438464471014,1155.7318254084294,0
2,2397.6087635259587,2567.4868236081525,0
4,2613.77422433289,609.2295725312802,0
5,3096.3241679781063,654.8212479793676,0
3,2816.869803261025,2084.4216921941265,0
5,2578.4594648772922,1337.9768984423129,0
4,3056.3467001330305,388.86681990782404,0
6,3361.608514440211,1052.8702613897199,0
2,2950.0118276834037,204.1638280905423,1
4,3092.334123847815,470.01247351435535,0
3,2407.228019150196,2330.203007839702,0
5,3037.8439592885347,1784.4027506867571,0
3,3436.974463249531,1127.5249397553828,0
3,2570.4528979761308,193.11038529433284,0
5,2601.4738236977187,1002.8164731538577,0
4,2852.891242974833,377.96138526744227,0
4,3349.483461273447,1674.688098206507,0
5,2702.7040287603977,160.03959690500238,0
2,2774.6771535649523,565.735019420988,0
3,2540.701226938553,112.82656600436201,0
2,3133.320015447658,3847.6774454468273,0
2,2433.0807956998906,2620.4108084749887,0
4,3491.55311941879,2446.381637629832,0
4,3118.3492816961084,306.72607316827424,0
3,3271.077789063369,146.99703631087428,0
2,2396.529260095809,159.92915737575706,0
5,3018.2841472796545,1709.355484072509,0
5,3331.681133345101,584.6132408143387,0
4,2481.79442047146,1013.7831802254668,0
3,2400.0094175500317,2631.5078679202647,0
3,2577.4714237369885,1146.4303582385724,0
4,3144.5686361634293,982.2278266707704,0
5,2527.7390933969646,1331.9681318501105,0
3,2429.8192142074904,578.0989253225687,0
2,2395.6434094647475,3172.06306037985,0
2,2859.6012827160866,1202.096427203104,0
4,3558.9965557099454,242.98537771987188,0
2,3262.2275085002047,889.7115312785772,1
5,3961.4928463946267,2327.104734248156,0
5,3770.204977059141,1705.8063663057292,0
3,3092.815670419237,1823.1356247068695,0
4,2823.803357945186,2244.356867463343,0
3,2791.642879092043,649.0020393105275,0
3,2564.8323771229184,152.9841633603211,0
4,2810.6716036047815,488.2794665433007,0
3,3358.902646250269,506.8344028520169,1
4,2863.374550599781,2729.3157322267116,0
6,3358.1142660186197,172.06469495162418,1
3,2541.257505320085,624.2255911371998,0
3,2940.8697827157107,1842.369794157386,0
2,2955.9059014909053,4187.733243157877,1
4,3887.4042885100935,2844.1801555159914,0
4,2537.3355472165945,2224.7595638766206,0
4,2759.830099936644,282.16552799028165,0
2,3048.7656902809395,2622.3041706833415,0
4,2289.9009474810264,1843.294673826039,0
4,3813.9570687831942,257.02144351016335,0
2,2834.462022277543,619.822855235713,0
3,2586.4669583464556,312.3603887065169,0
4,3187.481109528951,1026.1450403967783,0
3,3195.372650328711,303.8072983032058,1
2,2857.0129978782707,2190.7678056858213,0
3,3389.0061458485147,2000.2288098961556,0
4,2528.444142210616,759.9740987318758,0
2,2727.2173474011042,396.98561598276325,0
4,2669.1617964167854,934.6182050061192,0
3,2554.153123259752,231.32949634988367,0
4,3520.259591523462,1714.0069412044918,1
6,2723.908009857962,171.33634016389195,0
2,2979.423127812588,576.6623503392204,0
3,3310.4358290550917,1099.4669764494379,0
4,2548.3027480281607,1174.4272347471633,0
3,3012.588082196241,67.6368828712272,0
2,2699.61225739994,159.88553614518585,0
5,4356.512360358553,460.562313735599,0
4,2576.369806937245,221.16553585331005,0
2,2423.5774475521957,431.7506909495219,0
5,3102.6076687367463,2075.166306151043,0
4,2736.0206412549164,1870.8921903311311,0
2,2828.6792167677468,2357.538495083422,0
2,2717.8607960001273,888.2566889292444,0
5,3322.812316127708,180.80842031070068,0
5,2922.852951406757,236.88254274691732,0
3,2359.289628238521,257.95316292486285,0
4,2679.022522391001,738.0372206927095,0
5,2739.6661788702245,761.5457475389048,0
4,2806.3378055337303,765.9051977024241,0
4,3346.5712596937456,1594.425806033605,0
4,3176.7121451662565,584.036517622369,0
3,3454.487568432336,1283.304380125087,1
5,3220.1439742758057,1789.4754603450058,0
3,3385.373149075995,669.252438651241,0
3,2603.806433933053,2133.168456787885,0
3,3004.572242838035,1762.4431750851131,0
4,2433.673998571439,332.41186904799974,0
5,3754.7042332556043,1173.0279399518233,0
3,2842.1326784275657,670.7556063887615,0
2,3184.2373667448355,3702.302433159475,1
3,2573.9293126168195,926.8947891014537,0
3,2474.3358108888915,1983.614006958138,0
4,3084.7047685078946,657.9461262902249,0
3,2872.2725972068456,283.36399423191915,0
4,2365.125967287807,652.2166705340782,0
5,2603.378047850144,122.23128033615669,0
5,2660.261596046848,656.6805861281197,0
7,3591.1111793493465,1779.6834354563764,1
3,2763.5903794782134,1791.8373810007884,0
2,2599.261605368082,1482.237599033108,0
4,2917.183796533091,1377.0863526146572,0
3,2974.3980408903135,2729.145067546344,0
4,2449.0961960721,1083.4424446859284,0
2,3501.2099306624295,2421.4399764358113,1
3,4168.642975927606,383.87849935250506,0
3,2733.735503053897,1060.8936310786626,0
2,2631.703275825331,581.4134460907666,0
4,2754.645467901946,2686.4190435778464,0
3,2787.6614265442777,1907.6135207338295,0
4,4832.86381948939,1882.9306229834135,0
4,2588.0218070234373,2182.414409800886,0
3,2769.8290023166155,144.03835741969021,0
3,3245.8448040000276,384.09419917919683,1
2,2559.7488372115113,915.5910841310592,0
4,2906.975580819659,637.9383947204739,0
2,2763.0009687482093,2006.5943250775692,0
4,2500.978219274809,571.119668050495,0
3,3252.456989064942,668.6848786357953,1
3,2467.519045433228,808.8257125354996,0
4,2468.8089919003937,127.02325862904793,0
4,2519.53376556006,215.94661199530722,0
5,2583.0559682964904,829.8742140457593,0
4,3368.334472938984,709.3073750849194,0
3,2449.329731720057,1804.51277365829,0
3,2836.8132679398823,317.8430018606679,0
4,3033.7275432419215,733.831838727328,0
3,2499.0675251336293,168.34406876034097,0
6,2899.8112154942346,1226.1059775205817,0
4,2387.9199547088174,1579.0607050701071,0
4,2623.3682537826576,939.8339844363506,0
4,2706.4218128642124,198.27520717906788,0
2,2719.4406415345975,687.506697555497,1
5,3202.19311908311,674.1813231422019,0
4,3486.596824851485,1288.0650805951404,0
6,2621.3212554880292,688.9530674477703,0
2,2844.520168830785,1589.3589858724013,0
4,2474.252065769513,208.80514286184746,0
3,2746.49045244886,108.76520667085606,0
2,3257.0812360085656,1225.2421276615885,1
2,2391.9969899884877,594.8773852958986,0
2,3549.205543260139,763.3105177061738,0
3,2429.718702557957,2327.1973948257005,0
5,3049.5587837725657,2519.6451043328566,0
3,2327.1777406143474,1226.485771085131,0
4,2799.6222249869966,673.4970806331689,0
2,3118.210698175957,901.1591909684581,0
3,2632.7673469388446,1602.3467916118216,0
3,2897.7944041099577,2015.9031769120293,0
4,3332.6492705251117,1793.9542771269253,1
4,4475.870755832806,1950.3241577511553,0
3,2870.9305861081416,576.3031734017283,0
6,4151.691119482394,377.58362497495165,0
4,3111.376140264346,807.9250819653432,0
3,2608.100125940112,395.56831830698826,0
4,3249.5673139158507,1106.3221934748694,0
6,2596.6895856781225,131.54704846060895,0
3,2404.56526456643,1053.5263200903107,0
3,3060.1807061566133,539.9795714590194,0
2,2984.6528565892854,725.8291619360239,0
3,2562.9292532177947,1182.5768586296801,0
2,2302.8589914228733,169.44624962412377,0
5,2856.0993068981297,1591.745849342445,0
4,2789.1206870721758,4439.752801010021,0
5,2799.2355702978225,1591.3887551834498,0
3,3203.0027937540926,2451.00174478359,0
5,3837.4635197818006,2397.8001175525173,0
3,3035.906331922569,2907.577700117191,0
4,3004.2237887485244,1673.1220945411637,0
3,3461.75212237371,312.22554167043637,0
3,2752.431469504688,1814.0738644225873,0
3,2550.411644519375,1407.744962079865,0
2,3016.9451877378124,1021.4417825786468,0
2,2498.8556768117032,298.7631037345696,0
4,2382.7213541988185,800.0766903731516,0
3,4224.582868548864,1897.4595974646604,0
4,2805.981694258631,398.48321527674005,0
4,2685.282895841786,1681.555880370337,0
3,2757.0445617098812,443.7409673815503,0
5,3588.726814404026,2232.01027899237,0
8,3016.1159187056815,1971.6637207937868,0
2,3622.0658516156664,1126.4040158483488,0
5,3875.5983937428678,662.6973369365734,0
2,2914.3239132977214,1226.3116111641666,0
6,2742.513880106342,472.76374236354405,0
3,2421.710661389038,519.8179866078153,0
3,2669.9114522677837,1528.4378689931307,0
3,3669.408948250517,1275.3551142639276,0
2,2557.1963088228713,799.3498810095125,0
4,4182.918609277657,143.05843122055856,0
2,3281.6215501899787,1058.5015116966958,0
2,2747.1250283796744,303.9309940162959,0
9,2945.802155785104,2670.2456719359016,0
4,3078.5139828878855,984.0043339842214,0
5,2986.925961446289,1128.6594735996273,0
4,3301.771245543049,124.97692490062194,0
3,3136.690194949173,2625.9562520462614,0
4,3157.4993151010694,370.196458888626,0
5,2846.5948948786418,589.3558092093672,0
4,3300.9619262402452,1609.9416637196312,1
3,2821.3524238916116,351.834559393079,0
2,2437.817733859557,862.304153121722,0
4,3670.1067044198685,1111.377789056643,0
2,2717.523978105115,540.8681020901192,0
2,2483.1674829743824,448.78723173224336,0
4,2596.1003967811926,518.1165132924766,0
3,2949.5642506954064,319.11701589655223,1
3,3045.282470701066,2487.366202073759,0
4,3133.1361542016416,2753.011160120751,0
4,2935.94597921895,1567.790236858505,0
6,2470.9068845554048,1592.6516674113873,0
4,2598.8097927276444,113.74181828071879,0
5,3098.3259089803655,452.6455328620244,0
2,2773.6747786033648,2634.0870635091924,0
8,4008.0955480872562,187.57717936071649,0
4,2676.60705455645,1734.4684992052287,0
4,3451.394939718718,568.649179137777,0
4,2432.909653357843,491.20710158451817,0
5,2736.6612947357858,414.47004252435585,0
3,2770.1319991737023,1279.9794786031766,0
2,2058.353177730241,682.0066473213302,0
3,2881.5372744804754,42.4718584325117,0
2,3425.930727070141,566.6162644400885,1
4,2424.703519254825,869.5655068345037,0
3,2876.697082844438,2280.9551033005087,0
3,2630.9292817020923,1006.2528753782154,0
5,2564.6094995622543,1458.2567459928111,0
3,3289.972178492667,229.2633502523881,0
4,2575.943682999707,3434.4995413629977,0
3,3429.2732764827215,1066.4008560008115,1
4,3691.382843233528,108.71438432123024,0
4,3389.2948874446606,3819.616470972611,0
3,3464.243002391316,3871.525181419154,0
3,2475.0125416094425,123.53243603186955,0
5,2561.834344514169,1264.0338839013682,0
3,3862.3665506616044,104.85785673226933,1
5,2486.7500477037206,2572.5232030307175,0
2,3587.4404220472115,454.60739103968075,0
4,3300.8035808268583,1689.6236831613355,0
4,2574.319595995886,1609.3281823878438,0
3,2634.5754298184693,1473.1165292739197,0
6,2857.141416965908,2100.880996528869,0
4,2485.5744284334382,158.2704873359045,0
4,2462.5705755565496,1740.9910156396131,0
4,3051.7304848656468,1191.526228686714,0
4,2783.437961258294,160.0454037672318,0
5,2508.303526921744,682.5406340561618,0
3,2323.6800714752135,1152.0400175616116,0
2,2867.843011614305,1326.4872580666383,0
2,2460.4325801090754,1065.153303255482,0
5,2779.321970856907,118.24265611945948,0
4,2778.4326655320783,2007.0183170206583,0
3,2861.6518687691773,585.3083107971582,0
4,2633.8665387890205,1459.6661022642363,0
3,2627.888213122955,1208.7458339632472,0
2,2821.663624111056,1319.8904783720882,1
4,2807.7338142354183,146.31127379089062,0
2,3178.342387439559,201.8902477399433,0
3,3132.2559809100803,417.5777267687831,1
5,2785.8883037286278,1174.726071954401,0
4,2978.483399196954,370.0494784386023,0
2,3220.241054719796,1906.3205958202375,0
3,2649.871317609651,1676.6255493301567,0
5,3634.475458380772,3931.536651728205,0
2,2638.4314432037454,1846.501620181817,0
3,2849.5259521603452,815.9254197629352,0
6,3004.518871639996,2335.8956986163253,0
2,2760.6044437630476,224.25281817374724,1
5,3378.15948596463,114.77808232352098,1
4,2559.548134150219,291.6376933111664,0
2,2626.0352493396254,2331.585110710181,0
7,2721.5148773514693,83.92644722463257,0
3,4011.8530021203687,1143.1052877258144,0
3,2402.006130502,380.20628777285134,0
4,2951.1259443235454,702.1808539863664,0
3,2948.8184748339127,416.08626745864933,0
2,3510.9832821983564,360.1762249314901,1
2,2627.608406599933,993.2799348113662,0
2,2564.20009566119,2155.3284030154045,0
5,3364.279174974518,891.9105508045412,1
6,2396.701545708116,791.3045048451995,0
3,2144.2990421416025,537.0698631133973,0
3,2528.769867282534,1416.1937052580006,0
4,3865.0318573354875,372.1002275014431,0
3,2661.8676234777877,1000.7748549069814,0
2,4370.331605934127,788.9285854282401,0
4,2356.8320375610165,376.5473540448619,0
2,2569.9484181393,324.1766621836913,0
3,2680.007830698506,68.9335813223452,0
2,2287.4178079668864,166.8044860320143,0
3,2727.2592110557953,1160.6282014056005,0
4,2528.9428137811187,296.9073729307206,1
4,2583.3482433293393,2458.0362785042303,0
8,3175.657993842999,1542.4092838820764,0
4,2897.308211401849,1240.4762010243535,0
2,3505.275512871454,4065.121852200935,1
3,2812.2516184970236,709.0994229497055,0
3,3495.828365447554,2361.672087614215,0
3,2349.8237220454876,2575.709207093948,0
3,2689.4983049172542,596.1955836500446,0
3,2448.309550981525,237.489221848531,0
2,2434.4106945252324,553.3905159170346,0
4,3376.240350080133,1312.881605172786,0
3,2889.389585686594,1466.0300024491808,0
6,2725.7708041382425,1782.2289317333737,0
3,2922.4594941029795,236.39135498712866,0
2,2652.325688153554,1846.3716142119688,1
6,2819.3479676852703,1412.1256206925134,0
4,2642.8604267911246,1216.1442699674378,0
3,3141.6685289272227,2233.1040939526406,0
6,2769.0237171939216,1781.2796351297452,0
4,3330.733235979504,357.91744740479754,1
4,3509.243849553388,27.48906477022023,0
4,3670.8865183593566,2596.0376604645835,0
3,3403.9355556676073,582.236781618028,0
3,2492.092113190493,394.4888755231046,0
6,4125.391903662653,1007.7625682550971,0
2,2347.2476862490366,1720.0628991956555,0
5,2554.3319756839073,1028.2368113437103,0
4,2764.8654381451947,3223.08982752865,0
3,3658.0165035178156,462.0641174172416,1
3,2805.0713666439046,1789.8331821549427,0
4,2557.8473029080783,2890.762050623431,0
4,3107.1602569809484,682.8531643409068,0
3,2656.6215412919682,1155.8142729492204,0
4,2955.9834186342764,1259.0051933436646,1
4,3630.7365377867163,527.7820171414173,0
4,2727.839903672817,1252.0931221734397,0
3,3286.4381232913884,1426.2378221018994,0
4,2740.082966971858,721.8388945218061,0
2,2335.946579163792,2332.170687312621,0
2,2668.8208299648277,493.8030249912837,0
3,2830.683701423286,76.02675410373597,0
5,2497.398755789433,581.1783748811857,0
5,2635.8461506549097,232.55524714030778,0
7,3422.196006837467,224.1939897623344,0
4,2814.420504260563,1057.7013360380895,0
2,3521.9475843916925,830.5005923935196,0
4,2925.2537931512275,676.8569722872329,0
4,3143.3960617741345,683.4648243311323,0
6,3480.6318060929134,773.6143907488273,0
4,2897.7283014371683,344.5077843696731,0
4,2970.2283047719257,1049.8803124110764,0
4,2683.9502899354457,1178.8074189823608,0
3,2442.4975770666842,2134.9638028618156,0
2,2837.921140775997,3410.221595055634,0
3,2359.5224586545214,1309.8773363981122,0
3,2595.673729865583,3078.436053227715,0
3,2467.2839950446833,1355.1068426929191,0
3,3432.485165252959,370.2340184671971,0
4,2630.577594681733,296.55324338012196,0
3,3066.6371545388574,1136.0202407488362,0
3,2936.850090874086,1644.65041587971,0
2,4127.567467034436,1162.7476005889782,0
2,2405.13853666742,202.7391437790238,0
2,2403.6005882977825,876.5846505236818,1
2,2942.3663559189827,2077.2862528341248,0
3,2579.9787401719095,1343.6342829137768,0
4,2917.6473050304744,3155.6491779482344,1
4,2975.0811747478187,2301.5432038151644,0
2,2941.295596010581,2506.0654176329067,0
4,3183.177942084752,795.8328512262713,1
3,2416.9181406576545,2248.8588172389696,0
3,3447.2682144050714,1109.6794304514244,0
2,3054.409836551128,586.2619153814472,0
4,2512.4955754883013,2362.760617031803,0
4,3039.5179004377414,123.80684760860304,0
3,2856.7407202836876,885.176136435777,0
3,2638.42611788697,2034.8416776003105,0
4,3192.833194188378,423.59821891726676,0
3,2651.1028563748555,661.8434887657733,0
2,2568.038412488841,138.9165756184986,0
4,2809.2478583235143,2082.6512894752145,0
6,3201.454325094843,1160.655655860243,0
6,3048.2379583923853,363.5950999305193,0
3,2704.229713810325,2019.2856659216134,0
4,3612.672791630767,998.5508897154259,0
3,3103.89034564194,437.8769652172445,0
3,2942.2114768189876,140.62816752059032,0
3,2422.9632609299288,183.80113016644316,0
5,2714.491068813189,759.2222231798102,0
3,2430.948415438668,272.04315122378114,0
5,3418.7090848249745,84.56819745006038,0
4,2697.818541719499,345.9954495715126,0
5,3558.092337845302,1531.8665744684527,0
5,2397.221969136993,131.3326021587511,0
4,2534.791066672104,506.5522292137665,0
4,3333.8023594091296,973.299756606475,0
4,2682.7634754013084,802.3308489745567,0
3,3449.003306062504,698.7473024608591,0
3,2387.8434388395763,1337.631460358315,0
4,2848.0342410873864,983.9701290270805,0
2,2419.0902797997305,3590.893101558117,0
3,2714.7462344476035,99.45219561515857,0
4,3293.138187749827,1146.684547523576,0
4,3281.5905999001347,2155.1989208061327,0
3,2979.8873001346683,1357.160197854643,0
3,3306.8113340964455,1607.921677897989,0
2,2682.1390569655873,829.9949459431375,0
4,2816.4623105255023,4502.964687003809,0
3,2410.182302942596,989.3325664874858,0
2,2524.2892735688074,1323.5445457529777,0
4,2858.3760012847974,2827.2260561336057,0
3,2455.9596020079653,262.06430809904197,0
3,2495.0079456587164,1235.1182077571982,0
3,2882.4517301414066,1004.16848998877,0
2,2318.8745324464317,1002.5052665647196,0
3,2378.276174603605,2754.2069863895067,0
3,3738.12857351659,668.2282024065453,0
4,2584.060582130254,1451.8753997358233,0
4,3525.025289649654,1770.3762725785614,1
4,4386.028613263926,3688.3454341974166,0
2,2447.4934722342173,667.181998302286,0
6,3037.6786057926947,1162.3168016704853,0
3,2550.280790761562,564.7535189753912,0
6,3412.0615768698185,3037.2130121882774,0
7,3371.780219952276,2007.8502538281175,0
5,2703.112444457797,1898.998247229908,0
4,2433.8997149633915,1168.9194674947698,0
4,2572.3166310804518,245.8221122214386,0
3,2500.166330340099,741.8363006735676,0
5,2874.9697750523287,622.4778080085122,0
4,2771.660184663085,2898.2754917576594,0
3,2356.087014140828,1056.024798456068,0
6,2486.6821632421324,134.11123646875936,0
3,2252.0434691768737,387.9193105868342,0
2,2405.597232289966,1672.4501450038395,0
3,2993.9094134649004,635.1587896308938,0
3,2624.6730107706053,1956.642696463532,0
2,3215.266431304536,421.47828370630293,1
6,3585.9019625495635,1713.9421843952498,0
4,2445.4183957012697,1837.2333283869764,0
3,2403.852212586874,2298.89730196566,0
4,2799.7388002523808,1670.016971398153,0
3,3053.358503985891,1024.8393668663077,0
2,2609.6640531955786,2179.1581652165496,0
2,2605.642360281645,69.1567231233754,0
3,3657.8940715965628,1276.6418348520474,0
4,2572.9077830242895,1129.3986677954965,0
7,2464.5334423452673,2478.473875094225,0
4,2637.9457104929074,1976.9820994377747,0
4,2960.6389637307407,1239.8288368026056,0
4,2880.1369542186662,3634.854370846887,0
5,2863.5036184048754,128.77962595689837,0
3,2524.3280524335833,37.075122691157944,0
4,3116.0270726045605,1681.8498708060224,1
3,2671.8315188573883,629.2941458296325,0
3,2368.28962043253,48.727868202128725,0
3,2416.449720279075,2695.4067478237625,0
5,2554.963511827867,964.4421300213138,0
4,2738.2743577178007,1475.4766662659006,0
4,3280.682289256415,1628.8686979403267,0
4,2622.1048427539245,359.11993647654185,0
2,2514.261484443001,1289.8692296642057,0
3,2985.39866989588,336.2924033967952,0
3,2584.0462340017802,1033.6551561910853,0
3,2284.081664927124,2952.728931558014,0
3,2556.6694864823944,2291.7278041316454,0
5,4406.924343910084,1798.1114852517853,0
5,2895.0164522332166,83.40253077547331,0
4,2874.8055201812454,603.9175591440719,0
4,2549.453092450655,1136.8063570025959,0
3,2285.3851814310187,1316.6765575432912,0
3,2460.9778457605285,293.04271536940166,0
3,2954.4254767764173,177.93909550199055,0
3,2690.0415937370053,1744.983083209445,0
4,2292.348359057344,554.0804074389874,0
3,3246.614307987858,686.3897578668308,1
2,2528.676397218704,2076.0803015085394,0
2,3434.6847522777744,1666.609136193236,0
6,2934.466208790034,2819.0815616432947,0
3,2566.609238789203,4253.5614982004045,0
3,3761.002993255137,913.1014108879656,0
2,3047.022801995764,3532.023375736119,1
5,2765.144372299419,1870.500893834186,0
4,2557.236586110661,636.8800026167294,0
6,2931.3109671610205,1640.5575444445294,0
5,2355.3308432087374,305.8419155207394,0
4,2563.3598173461505,170.43361536927952,0
3,3102.594394360029,1921.0206496321814,0
3,2749.0084116886346,245.14875710289033,0
4,5081.899334059939,1276.3270188705362,0
6,2617.621227055099,92.59059035435828,0
4,3157.7842379179597,1669.4393115448102,0
3,2337.98321266278,2428.9728320377753,0
3,2947.6093489555187,1211.4985907508053,0
2,2510.790305582639,3557.3972087544357,0
3,2715.873411834062,1259.652786768247,0
2,2641.5205145772766,2060.739397052028,0
4,2584.086262513886,334.18563958625134,0
4,2590.1446513091532,604.5646517139262,0
2,2644.8322043133267,1086.4493592871218,0
2,2558.1672634262927,439.47072852797936,1
3,3225.623123004687,445.6728881495158,1
4,3172.9917971044015,279.0833819537848,0
3,2474.3075008560963,376.4038974073715,0
5,2443.4887062564826,1083.565032900881,0
4,2752.696754223203,3683.4355021769734,0
2,3362.786530686676,1059.0550780623637,1
3,3070.4540593965266,720.4448839094778,0
3,2728.723649822703,354.3061285881153,0
6,2740.186668879159,314.1293370042731,0
6,2864.354948617625,391.64038889083827,0
4,2956.1861822571805,54.88389245510154,0
2,3106.0675627187875,4144.633591277065,1
3,2481.022905072082,382.13183180693306,0
3,3300.2489427061228,443.26071272931966,0
6,2445.7333741649277,1784.2332901131779,0
2,3285.2494621699934,969.1604434595713,1
3,2553.9733330075956,1729.3791175971796,0
2,2351.9266044990673,83.0432685386173,0
4,2711.9040421299123,96.02061743365459,0
3,3554.5980220298006,1786.1134456361704,0
2,2400.1115975602843,3726.28492855471,0
2,3838.901105432379,95.59491340431414,0
3,2915.9378645764587,1766.31052221809,0
4,2328.8774178001604,2045.87119324677,0
5,3417.904027752754,359.11593940504076,0
2,2406.381329463963,1310.347505576117,0
3,3838.211806230791,455.35526015110094,0
2,2934.679683888229,821.822857531295,0
2,2793.272704521294,888.244957113653,0
2,2938.5029099336534,1682.1798236705783,0
4,2905.9809429823454,1031.9155131576206,0
4,2433.364865937847,1419.4030872639526,0
2,3334.8031325944576,715.2891681270256,1
4,2576.3740120012917,974.8729957198533,0
5,3612.24778336965,448.2266002929708,0
5,2465.7700416105827,2647.624955537128,0
2,2461.9866064671796,1756.9124924328423,0
5,2763.4540432545855,894.3574095450886,0
5,3071.561842023517,813.6773686724962,0
3,2483.480611363306,1689.7544214480652,0
3,3438.0364461454956,2634.152739819036,1
3,3222.0595075571623,237.5353055716875,1
3,4054.458147887301,685.76060701938,1
6,2690.674765163082,332.0732586331008,0
5,3523.0311317047644,1045.3279121162502,0
3,2958.5748885088415,2734.8489859588503,0
3,3321.432794583438,247.1900250520222,0
4,3360.6706438616625,1338.7001346950572,0
2,3063.0028700765297,635.7340827664708,0
3,2783.260583318715,646.143320530167,0
5,2698.38148125129,3286.304579230828,0
5,3557.7475173005787,316.33272681178977,0
5,3129.2963087268076,510.32354136514925,0
6,2447.7420125443746,784.8566056991418,0
4,2438.1776954578986,203.2771808586261,0
4,2462.286009391177,1525.924359587541,0
3,2966.5905421644275,3543.340687257516,0
5,2691.1904516936506,876.1961098884511,0
2,2778.0872002268634,2575.477726467274,0
6,3254.5651413944743,87.30411309987677,0
3,2356.7752685231326,1558.8536806311997,0
5,2691.373263418819,2099.73574214014,0
3,2789.781615263286,1089.3767412750583,0
5,3217.485255482822,781.5744219465349,0
4,2999.929718906976,2076.6951809668253,0
3,2340.358136781836,1063.3529751160638,0
4,3267.7179211391117,853.3687973944731,0
5,2738.8672967296875,2086.0565112253958,0
4,2622.8096277183317,1821.268972531709,0
5,2768.3300824209678,1204.2247073017052,0
3,2476.482647419691,2408.203071506054,0
4,2594.5284978323834,643.1098813969063,0
5,2407.8309460701157,230.26933520559723,0
3,2295.45322434098,1093.8130552811208,0
4,2503.3941615273893,911.1168356635781,0
2,2662.8392613508277,1122.571642843437,0
3,2455.126192332348,888.529997203895,0
2,2818.2243989024882,2723.217929235524,0
5,2655.4828999392366,1197.4970141695856,0
5,2903.5540310884367,680.8192296521764,0
3,2438.0652190305314,1297.1196942333188,0
5,3512.7529729621806,863.3466383330286,0
2,2804.0800294143796,351.24493036203603,0
5,2443.7816607924833,659.8454093329483,0
3,2770.9515380637486,1306.5561607393258,0
3,2729.3759173823782,486.61339249232935,0
3,2321.7288270396816,1440.6094718942604,0
2,2411.433440869221,3459.7120481777497,0
7,4919.506068451155,815.920511873466,0
6,3019.263334553043,648.3150061254879,0
2,3895.157974631969,1087.2107544431583,0
5,2429.3981284233987,1286.2792443535157,0
7,2813.3960077235,1325.396682377281,0
4,2955.699155177555,2213.8438982447337,1
3,3202.196556622071,66.06969241356293,0
4,2452.3035040959176,2703.3445098549487,0
2,2256.9993527874403,1496.2048657794046,0
2,2424.5723422663923,695.7121492932132,0
6,3359.3498443672665,967.7768548268937,0
3,2649.8193380995417,592.1316699471605,0
2,2605.845982685979,3073.302093991808,0
4,2681.06660225653,311.5627704874682,0
4,2394.197960282223,231.17032130562578,0
2,2616.999510651872,1914.1640838564351,0
3,3006.733517924498,2975.261442012645,0
5,3396.0672010586027,300.9186419832666,0
3,2616.9310626439815,982.9132779708742,0
2,2511.148778961042,435.5064222832141,0
3,3686.861481420502,224.20197946993284,0
4,2252.658394748345,3201.3217324818215,0
4,2784.36559483395,1146.477161083942,0
3,2360.1471608220313,1062.2193445149755,0
7,2645.5394392330277,795.4056540779495,0
5,3930.6078968634397,927.7447623025845,0
5,2988.1420573315845,75.24586731593648,0
2,3041.5643600514777,1058.1085185530605,0
3,3140.144413325046,1346.1841747662706,0
2,2555.856791143613,2148.828968654668,0
3,2538.5846577771463,2515.688594589777,0
6,3657.464326263364,1614.6656854953035,0
4,3735.101800629477,881.2310717149053,0
4,3605.3258398443722,119.80990499832575,0
4,3173.5538203277833,383.6400978509279,0
4,3563.1784673351704,2737.659914568113,1
4,2343.770934216648,2214.383255940824,0
5,3352.34568173805,287.3436118156018,0
2,2571.358349606182,666.9286080887601,0
2,2625.836720018523,1532.4943940392207,0
4,3370.4842648407857,1116.9522694980546,1
5,3537.8304927645577,2323.866350889737,1
4,2486.1788832290154,597.122838241388,0
6,2540.753239986319,974.8244318021509,0
6,3889.8026740824903,3512.8823453442405,0
4,2889.093801045259,1463.1224445789728,1
7,2665.730748711976,1599.3197287198266,0
6,2913.452775573546,1435.685684110094,0
6,2732.7774695566895,2393.8079812834208,0
5,2559.4394457910553,235.0148070673155,0
2,3355.146127598134,2843.750140854026,1
3,3546.9327893570517,1701.5377085353982,1
5,3509.353273416702,467.8743416343979,0
6,2803.4533682124247,2564.853576820234,0
4,2613.91563503257,2330.338500443705,0
3,2559.158324613404,567.487304272769,0
3,2828.286286508045,1693.4161017934193,0
4,2985.2492649020983,311.8593913292312,0
3,3271.4842878988,1279.193247180737,1
5,3076.2516914459115,4064.3922473183666,0
2,2697.714394297729,791.0758799505982,0
3,4276.149596593432,895.097139599014,0
4,3760.2173824279344,1033.4500539309981,0
4,2497.7962254634404,1717.0770314505955,0
2,2433.625192192948,123.41107434470054,0
3,2501.204229206317,833.8702639401888,0
4,2934.5084422339223,730.2836618460653,0
2,2495.027324044094,1670.0056908974875,0
4,3010.1107333811906,913.4521172783456,0
2,2727.1596744285152,514.5525906196378,0
3,3918.7402110325834,289.28901686353487,0
2,3050.9324891826973,1603.5788043440616,1
2,3090.792587642869,1594.0289692244885,0
5,2922.0607594408525,87.70132557502495,0
5,2596.336653059614,2639.1518611162282,0
3,2814.5325782642194,1190.8870193432822,0
3,2527.2568968050896,802.3145886749953,0
4,2496.988041373179,1135.27471291033,1
5,2594.4407418517217,3088.056837301229,0
5,3543.0304726728327,349.90768694882354,0
4,2776.0036685012715,593.9741017199169,0
4,2625.189264699442,3412.9203356548187,0
3,3818.92891837268,1290.9212926975358,0
2,2553.434836306971,460.5867980452806,0
2,3365.365971460138,1261.2302844818926,1
2,2391.2981741562116,1018.7628957794863,0
3,2749.2464664121585,1548.0626221047626,0
8,2899.1096782519294,914.1389522232355,0
2,2574.5906453171556,377.3422986742386,0
6,3657.912059777851,1844.4344276384033,0
4,2489.411095496399,1181.4584083748066,0
3,2778.2191733960017,280.06044215840166,0
4,3612.9155201043986,2744.933916218392,0
2,3534.662426464205,676.473580016451,1
2,2401.3637493165975,566.0287076742654,0
6,2461.3690162534535,1275.2866157849694,0
4,3477.697164452876,2290.0415035584856,0
6,2981.1060780613507,680.0950155263901,0
3,3022.4941766202455,953.0611643557512,0
5,2526.17113778941,182.24803496620638,0
2,2516.4493872891408,1105.963079496956,0
4,3475.071507036541,958.8879955583069,0
6,3170.3779444815077,1579.2002520413869,0
5,3811.1932344558263,708.8023403286753,0
2,2632.37147426005,2939.7631229606054,0
4,2902.3503753681284,660.2111486960854,0
3,3446.511566826674,1687.7655056657115,0
3,2517.453865602734,856.7586791273577,0
3,2505.549300998937,173.99340092184966,0
5,2576.800777629053,1117.5531851471653,0
3,2747.873848836355,2946.2565277132935,0
3,2330.018183770395,566.2636783290367,0
3,2560.8721635390834,2633.440213003962,0
3,2583.90337942959,2783.7255100371844,0
5,2878.2981249448676,1595.5046006632158,0
3,3287.688384477597,1972.249850382543,0
2,2452.2522679652566,1816.274165528476,0
3,3441.76088802196,2598.8407289806587,1
4,2524.893732394286,1759.630786884518,0
4,2886.2658697392485,1961.4673611523413,0
3,3191.882778433146,1575.0130239296113,1
2,2516.4610535549637,262.94103554528203,0
5,3726.1105432790537,3302.5413955205704,0
5,2554.566621864079,3721.5657828381554,0
3,2440.7801746655214,260.0092303598711,0
3,3011.1616770354804,374.483626112919,0
6,3061.3107230225273,186.6932295887702,0
5,2508.7858481080243,346.71263460504156,0
5,2450.4997218929175,1621.2445350282082,0
2,3338.3268268516686,95.52880476786484,0
3,2776.5941644161844,1527.4502015893008,0
4,3744.0390942399504,207.0690303166735,1
2,2886.6554584009,1110.592700636422,0
3,3541.525111423675,2666.9694320415306,1
2,3548.432288276392,147.48020988403937,1
4,3022.0157536989664,844.3605262762175,1
5,2754.971758093196,805.9576175745481,0
4,3242.152011976923,2281.55442104263,0
4,2438.2392636911727,2979.3464867294015,0
6,3045.7716317201152,331.8105221015526,0
4,3352.9179033141145,700.774498677427,0
3,3238.1187204355992,699.2126330483256,0
3,2678.7115630555695,1362.4556555015563,0
2,3218.879878073417,2953.8122877441833,0
3,2343.9601416535115,269.73905614667115,0
2,2569.051308905909,1165.0940529704349,0
2,3077.617858157148,446.1716644287067,0
2,3609.4870532437253,2866.4371447690946,0
4,2517.3113991189043,569.8829470613107,0
3,2596.8987457124654,847.5494793162964,0
4,2679.356621498746,492.7591021564981,0
2,2524.953945252092,1448.4216296759207,0
2,2523.0651227832527,1529.5774722897715,0
4,2939.8287105772897,230.4742173403027,0
5,2590.2232085370374,457.57729266110607,0
4,3116.343290754578,320.0528371250802,0
3,2757.0734395706045,1147.9130732233994,0
2,3585.9632889354402,1810.420823136694,1
3,2560.274953519194,2059.759451545859,1
3,2389.4217432316673,3027.1265860112717,0
3,2664.5082817915,351.8394430876245,0
3,2283.109774638883,1797.0596281359974,0
4,2852.435001297201,229.46762213472334,0
2,2565.3327686946923,780.5958274685961,0
3,2415.321230468034,845.1571335840864,0
4,3095.0912845896673,1024.5932818717256,0
3,2279.05174900153,1201.593353394296,0
5,2991.6226439982574,141.86875691280926,0
4,2580.1246952672846,640.4777264232205,0
5,2490.6734069047857,3997.766117697246,0
4,2478.7368661311675,1087.590341107976,0
4,2472.456258073451,367.85381757033906,0
4,2564.7815738069335,1330.9525138128713,0
5,2528.034462993968,1158.5316502513658,0
4,2981.9217818917523,1724.4900675794127,0
3,3676.638842989839,1253.4743637473478,0
4,2553.938641570074,577.0081871805586,0
2,2803.1928988541404,1416.6864224528772,0
6,2805.3923130043045,929.3318866969865,0
4,2731.6270722371764,1115.787481357689,0
4,3092.0253873840907,3111.7858410690874,0
2,2500.9853204337714,2120.9600414671313,0
4,2608.0205430439764,2003.7165574269889,0
5,2847.19439033874,2567.0924415062873,0
5,2903.8363606900025,744.0673607696428,0
2,2870.939608773505,2151.5746441403444,0
4,2587.6732343696203,1682.5940804293882,0
4,4399.461341200584,3013.374434134418,0
2,3104.0728286597605,1626.2345942861032,1
4,3392.7366790852184,3087.291476612525,0
3,4375.167650793103,575.1419797354702,0
2,2424.7484452975177,1325.814812652202,0
5,2794.3166449118967,575.0938100564005,0
4,2429.3022576370236,200.32601672256726,0
2,3005.813705684465,1543.7169963923452,0
4,2648.1510766207703,854.1341792464806,0
4,3040.003611127696,1519.8000629207759,0
3,2872.3231441734783,1427.3424535013626,0
4,2820.308169619237,3902.3298474575145,0
5,3593.3518043762865,2555.9758915381058,0
5,2884.1831671065693,766.8138121756364,0
5,2826.6278598426757,727.7946893912115,0
4,2944.9503524733045,1846.382281533664,0
2,2337.1695924694977,2037.0304333755994,0
2,2505.626228588544,1229.4522083458696,0
5,4057.7082358703924,519.9226091804184,0
4,2522.716824061959,224.66945758663942,0
6,3131.15509906041,2147.848286066852,0
3,3274.3437502852425,3958.403082636293,0
4,2676.3429640074096,235.97511179896313,0
3,2395.946661989469,2059.5313561560097,0
4,3029.3540075020132,4329.486387720666,0
5,2661.0112210534485,952.1735309824957,0
3,3517.818077053692,2208.965232763992,1
6,2854.939116410457,216.92074721106482,0
4,3406.865074990404,1187.506367095357,0
6,3353.0522979627654,1736.4726889172168,0
2,2255.353071035895,164.2578635957182,0
